15.000000 11.900000 32.500000 37.200000 13.600000 1.000000 0.000000 1.000000
18.200000 13.700000 38.800000 42.700000 17.200000 1.000000 0.000000 0.000000
18.900000 16.700000 36.300000 41.700000 15.300000 0.000000 1.000000 0.000000
12.900000 11.000000 26.800000 30.900000 11.400000 1.000000 0.000000 1.000000
15.800000 15.000000 34.500000 40.300000 15.300000 0.000000 1.000000 1.000000
12.600000 10.000000 27.700000 31.700000 11.400000 1.000000 0.000000 1.000000
12.800000 10.900000 27.400000 31.500000 11.000000 1.000000 0.000000 1.000000
19.400000 14.100000 39.100000 43.200000 17.800000 1.000000 0.000000 0.000000
15.600000 13.900000 32.800000 37.900000 13.400000 0.000000 1.000000 1.000000
12.600000 11.500000 25.000000 28.100000 11.500000 0.000000 1.000000 0.000000
12.000000 10.700000 24.600000 28.900000 10.500000 0.000000 1.000000 1.000000
19.800000 14.200000 43.200000 49.700000 18.600000 1.000000 0.000000 1.000000
20.600000 14.400000 42.800000 46.500000 19.600000 1.000000 0.000000 0.000000
8.800000 7.700000 18.100000 20.800000 7.400000 1.000000 0.000000 1.000000
20.100000 17.200000 39.800000 44.100000 18.600000 0.000000 1.000000 0.000000
20.000000 16.700000 40.400000 45.100000 17.700000 0.000000 1.000000 0.000000
11.400000 9.200000 21.700000 24.100000 9.700000 0.000000 1.000000 0.000000
10.400000 9.700000 21.700000 25.400000 8.300000 0.000000 1.000000 1.000000
17.700000 13.600000 38.700000 44.500000 16.000000 1.000000 0.000000 1.000000
16.200000 15.200000 34.500000 40.100000 13.900000 0.000000 1.000000 1.000000
15.100000 11.400000 30.200000 33.300000 14.000000 1.000000 0.000000 0.000000
11.500000 11.000000 24.700000 29.200000 10.100000 0.000000 1.000000 1.000000
13.400000 10.100000 26.600000 29.600000 12.000000 1.000000 0.000000 0.000000
16.700000 16.100000 36.600000 41.900000 15.400000 0.000000 1.000000 1.000000
18.500000 14.600000 37.000000 42.000000 16.600000 0.000000 1.000000 0.000000
11.600000 11.400000 23.700000 27.700000 10.000000 0.000000 1.000000 1.000000
16.700000 14.300000 32.300000 37.000000 14.700000 0.000000 1.000000 0.000000
23.100000 15.700000 47.600000 52.800000 21.600000 1.000000 0.000000 0.000000
13.100000 10.900000 28.300000 32.400000 11.200000 1.000000 0.000000 1.000000
13.200000 11.000000 27.100000 30.400000 12.200000 1.000000 0.000000 0.000000
11.800000 9.600000 24.200000 27.800000 9.700000 1.000000 0.000000 1.000000
11.600000 11.000000 24.600000 28.500000 10.400000 0.000000 1.000000 1.000000
19.300000 13.500000 41.600000 47.400000 17.800000 1.000000 0.000000 1.000000
23.100000 20.200000 46.200000 52.500000 21.100000 0.000000 1.000000 0.000000
14.200000 10.600000 28.700000 31.700000 12.900000 1.000000 0.000000 0.000000
13.700000 11.000000 27.500000 30.500000 12.200000 1.000000 0.000000 0.000000
16.400000 13.000000 35.700000 41.800000 15.200000 1.000000 0.000000 1.000000
15.000000 13.800000 31.700000 36.900000 14.000000 0.000000 1.000000 1.000000
16.800000 12.800000 36.200000 41.800000 14.900000 1.000000 0.000000 1.000000
8.100000 6.700000 16.100000 19.000000 7.000000 1.000000 0.000000 1.000000
14.200000 11.300000 29.200000 32.200000 13.500000 1.000000 0.000000 0.000000
14.100000 10.700000 28.700000 31.900000 13.300000 1.000000 0.000000 0.000000
17.400000 16.900000 38.200000 44.100000 16.600000 0.000000 1.000000 1.000000
15.200000 14.300000 33.900000 38.500000 14.700000 0.000000 1.000000 1.000000
21.400000 18.000000 41.200000 46.200000 18.700000 0.000000 1.000000 0.000000
16.400000 14.000000 34.200000 39.800000 15.200000 0.000000 1.000000 1.000000
19.100000 16.300000 37.900000 42.600000 17.200000 0.000000 1.000000 0.000000
16.200000 14.000000 31.600000 35.600000 13.700000 0.000000 1.000000 0.000000
18.400000 15.700000 36.500000 41.600000 16.400000 0.000000 1.000000 0.000000
13.200000 12.200000 27.900000 32.100000 11.500000 0.000000 1.000000 1.000000
12.500000 9.400000 24.200000 27.000000 11.200000 1.000000 0.000000 0.000000
17.600000 14.000000 34.000000 38.600000 15.500000 0.000000 1.000000 0.000000
15.900000 12.700000 34.000000 38.900000 14.200000 1.000000 0.000000 1.000000
12.700000 10.400000 26.000000 28.800000 12.100000 1.000000 0.000000 0.000000
19.900000 16.600000 39.400000 43.900000 17.900000 0.000000 1.000000 0.000000
14.300000 12.200000 28.100000 31.800000 12.500000 0.000000 1.000000 0.000000
10.800000 9.000000 23.000000 26.500000 9.800000 1.000000 0.000000 1.000000
18.400000 13.400000 37.900000 42.200000 17.700000 1.000000 0.000000 0.000000
16.300000 12.700000 35.600000 40.900000 14.900000 1.000000 0.000000 1.000000
20.600000 17.500000 41.500000 46.200000 19.200000 0.000000 1.000000 0.000000
14.600000 11.300000 29.900000 33.500000 12.800000 1.000000 0.000000 0.000000
15.500000 13.800000 33.400000 38.700000 14.700000 0.000000 1.000000 1.000000
10.200000 8.200000 20.200000 22.200000 9.000000 1.000000 0.000000 0.000000
14.200000 10.700000 27.800000 30.900000 12.700000 1.000000 0.000000 0.000000
10.700000 8.600000 20.700000 22.700000 9.200000 1.000000 0.000000 0.000000
13.700000 12.500000 28.600000 33.800000 11.900000 0.000000 1.000000 1.000000
13.400000 11.800000 28.400000 32.700000 11.700000 0.000000 1.000000 1.000000
21.700000 17.100000 41.700000 47.200000 19.600000 0.000000 1.000000 0.000000
10.800000 9.500000 22.500000 26.300000 9.100000 0.000000 1.000000 1.000000
11.800000 10.500000 25.200000 29.300000 10.300000 1.000000 0.000000 1.000000
14.000000 11.500000 29.200000 32.200000 13.100000 1.000000 0.000000 0.000000
15.200000 12.100000 32.300000 36.700000 13.600000 1.000000 0.000000 1.000000
14.700000 12.500000 30.100000 34.700000 12.500000 0.000000 1.000000 1.000000
16.900000 13.200000 37.300000 42.700000 15.600000 1.000000 0.000000 1.000000
15.600000 14.700000 33.900000 39.500000 14.300000 0.000000 1.000000 1.000000
21.000000 15.000000 42.900000 47.200000 19.400000 1.000000 0.000000 0.000000
15.100000 13.300000 31.800000 36.300000 13.500000 0.000000 1.000000 1.000000
18.000000 13.700000 39.200000 44.400000 16.200000 1.000000 0.000000 1.000000
12.800000 12.200000 27.900000 31.900000 11.500000 0.000000 1.000000 1.000000
9.200000 7.800000 19.000000 22.400000 7.700000 1.000000 0.000000 1.000000
17.100000 12.600000 36.400000 42.000000 15.100000 1.000000 0.000000 1.000000
15.600000 14.100000 31.000000 34.500000 13.800000 0.000000 1.000000 0.000000
19.300000 13.800000 40.900000 46.500000 16.800000 1.000000 0.000000 1.000000
22.100000 15.800000 44.600000 49.600000 20.500000 1.000000 0.000000 0.000000
14.300000 11.600000 31.300000 35.500000 12.700000 1.000000 0.000000 1.000000
21.900000 15.700000 45.400000 51.000000 21.100000 1.000000 0.000000 0.000000
11.700000 10.600000 24.900000 28.500000 10.400000 0.000000 1.000000 1.000000
10.300000 9.500000 21.300000 24.700000 8.900000 0.000000 1.000000 1.000000
11.900000 11.400000 26.000000 30.100000 10.900000 0.000000 1.000000 1.000000
16.600000 13.500000 38.100000 43.400000 14.900000 1.000000 0.000000 1.000000
10.100000 9.300000 20.900000 24.400000 8.400000 0.000000 1.000000 1.000000
7.200000 6.500000 14.700000 17.100000 6.100000 0.000000 1.000000 1.000000
15.400000 11.100000 30.200000 33.600000 13.500000 1.000000 0.000000 0.000000
18.000000 13.400000 36.700000 41.300000 17.100000 1.000000 0.000000 0.000000
14.900000 13.200000 30.100000 35.600000 12.000000 0.000000 1.000000 1.000000
16.100000 13.600000 31.600000 36.000000 14.000000 0.000000 1.000000 0.000000
15.600000 13.500000 31.200000 35.100000 14.100000 0.000000 1.000000 0.000000
15.400000 11.800000 33.000000 37.500000 13.600000 1.000000 0.000000 1.000000
11.000000 9.800000 22.500000 25.700000 8.200000 0.000000 1.000000 1.000000
11.400000 9.000000 22.700000 24.800000 10.100000 1.000000 0.000000 0.000000
12.800000 11.700000 27.100000 31.200000 11.900000 0.000000 1.000000 1.000000
17.900000 12.900000 36.900000 40.900000 16.500000 1.000000 0.000000 0.000000
10.700000 9.700000 21.400000 24.000000 9.800000 0.000000 1.000000 0.000000
9.800000 8.900000 20.400000 23.900000 8.800000 0.000000 1.000000 1.000000
17.400000 12.800000 36.100000 39.500000 16.200000 1.000000 0.000000 0.000000
22.500000 17.200000 43.000000 48.700000 19.800000 0.000000 1.000000 0.000000
15.000000 10.900000 31.400000 36.400000 13.200000 1.000000 0.000000 1.000000
17.500000 14.700000 33.300000 37.600000 14.600000 0.000000 1.000000 0.000000
19.400000 14.400000 39.800000 44.300000 17.900000 1.000000 0.000000 0.000000
17.900000 14.100000 39.700000 44.600000 16.800000 1.000000 0.000000 1.000000
18.000000 16.300000 37.900000 43.000000 17.200000 0.000000 1.000000 0.000000
19.200000 16.500000 40.900000 47.900000 18.100000 0.000000 1.000000 1.000000
19.100000 16.000000 37.800000 42.300000 16.800000 0.000000 1.000000 0.000000
11.200000 10.000000 22.800000 26.900000 9.400000 0.000000 1.000000 1.000000
18.400000 15.500000 35.600000 40.000000 15.900000 0.000000 1.000000 0.000000
14.900000 13.000000 30.000000 33.700000 13.300000 0.000000 1.000000 0.000000
14.100000 10.500000 29.100000 31.600000 13.100000 1.000000 0.000000 0.000000
11.100000 9.900000 23.800000 27.100000 9.800000 1.000000 0.000000 1.000000
18.800000 13.400000 37.200000 41.100000 17.500000 1.000000 0.000000 0.000000
16.200000 11.800000 32.300000 35.300000 14.700000 1.000000 0.000000 0.000000
15.000000 11.500000 32.400000 37.000000 13.400000 1.000000 0.000000 1.000000
12.800000 12.200000 26.700000 31.100000 11.100000 0.000000 1.000000 1.000000
18.000000 14.900000 34.700000 39.500000 15.700000 0.000000 1.000000 0.000000
13.100000 10.600000 28.200000 32.300000 11.000000 1.000000 0.000000 1.000000
14.700000 13.200000 29.600000 33.400000 12.900000 0.000000 1.000000 0.000000
12.500000 10.000000 24.100000 27.000000 10.900000 0.000000 1.000000 0.000000
21.900000 17.200000 42.600000 47.400000 19.500000 0.000000 1.000000 0.000000
18.800000 13.800000 39.200000 43.300000 17.900000 1.000000 0.000000 0.000000
15.100000 13.500000 31.900000 37.000000 13.800000 0.000000 1.000000 1.000000
17.500000 14.400000 34.500000 39.000000 16.000000 0.000000 1.000000 0.000000
18.600000 13.500000 36.900000 40.200000 17.000000 1.000000 0.000000 0.000000
12.600000 12.200000 26.100000 31.600000 11.200000 0.000000 1.000000 1.000000
19.700000 16.700000 39.900000 43.600000 18.200000 0.000000 1.000000 0.000000
9.600000 7.900000 20.100000 23.100000 8.200000 1.000000 0.000000 1.000000
